(BSplineTransformSplineOrder 3)
(Direction 1 0 0 0 1 0 0 0 1)
(FixedImageDimension 3)
(FixedInternalImagePixelType "float")
(GridDirection 1 0 0 0 1 0 0 0 1)
(GridIndex 0 0 0)
(GridOrigin -9.876499999999997 -9.441249999999997 -8.564999999999998)
(GridSize 9 8 7)
(GridSpacing 8 8 8)
(HowToCombineTransforms "Compose")
(Index 0 0 0)
(InitialTransformParameterFileName "NoInitialTransform")
(MovingImageDimension 3)
(MovingInternalImagePixelType "float")
(NumberOfParameters 1512)
(Origin 0 0 0)
(Size 603 506 421)
(Spacing 0.07350000000000001 0.07350000000000001 0.07350000000000001)
(Transform "BSplineTransform")
(TransformParameters 0.15067269535874536 0.24238969692711407 0.21120715416781152 0.12976050462970343 0.05535554571059108 0.019045798780762915 -0.03117297493341884 -0.08094253868575886 -0.08124873131884444 0.427606667266316 0.5786878887089492 0.3975984161606538 0.15423394212377467 0.02582499483597232 -0.09756496882316452 -0.21725617894959956 -0.29229891593733676 -0.2270636360108691 0.46547918982670033 0.55381300663837 0.328016711186765 0.07615877558256962 -0.11319942784159324 -0.28439999228890794 -0.41655162117885386 -0.40606557373743307 -0.2550328999162747 0.41366058655356 0.4167625688163981 0.21747718406291383 0.10444417935104514 -0.23258694782032346 -0.417716287984722 -0.48958200768138904 -0.47860027957927953 -0.25826297579188845 0.1844779796350456 0.02703847903871635 0.07785466090850147 0.015939166986898075 -0.19116752865316913 -0.36930213862237715 -0.4799227759407313 -0.5044086531495533 -0.21448662203457455 -0.08801513069736605 -0.4750216957182078 -0.21898651425630825 -0.054620685473657796 -0.14436305697503757 -0.19818982457042614 -0.3606514415502959 -0.4530592375137428 -0.12716056595669514 -0.20833856705299938 -0.5928597657765213 -0.5656338489783573 -0.3836742997899969 -0.2103290160634601 -0.028440647598514494 -0.03223682787038746 -0.10119055528907804 0.0019422755722810381 -0.1456668975696743 -0.31886919714347295 -0.3621311109097622 -0.30830587655298713 -0.1788991364162642 -0.013926865530779785 0.09659029291477782 0.1204392598309704 0.06949375157133714 0.11870184299475266 0.15638546338579282 0.151125432292353 0.10766392440879774 0.05819488280963271 0.0757364298529872 0.07494170207283891 0.01984159427725233 -0.07450985267569137 0.42526802870166125 0.27229008992226206 0.10567262055086818 -0.08633695800294307 -0.02738854210650296 -0.05535711379884493 0.017679556305999176 -0.07044752097590487 -0.20994508533668138 0.5595562718602265 0.17528476797681067 0.05120748645203195 0.05232261930108889 -0.09011918679025534 0.12600554216300308 -0.05395525237216865 -0.2905309635772683 -0.24438098183280613 0.6479074894830226 0.3775734417804887 -0.2743738993068369 0.10084044831268282 0.1572735171210995 0.0942124484914108 0.08940073996817312 -0.3592702403245676 -0.1783205840037021 0.3442049247397913 0.14242264432291332 0.3585847730649092 0.006620463265623465 0.09036192210977859 0.016163386236669342 0.4292666117007884 -0.07598032946486931 -0.0032250776875389782 -0.0992997203646573 -1.2380799029992615 -0.4093729270121187 0.4196090852338126 0.2012765058663237 0.2311206914861416 -0.011067128697946241 -0.12984466708479692 0.16257423253818765 -0.15570051360335455 -0.8363945170659858 -0.847956868908386 -0.26496857881708735 -0.21077486080841246 0.3116860336562264 0.6475999890632568 0.34866471967024576 0.2627588918244888 -0.0919688921242066 -0.2973645274928088 -0.4260620702415043 -0.4152277955914262 -0.2597837034939903 0.0523377467084981 0.28788359140295655 0.2967589131556073 0.1532010531960576 0.0365521538020418 0.004994749036063464 0.039756296559886516 0.06996635732121012 0.0641887085231215 0.052155909442789236 0.05908407205826088 0.04622385059988758 -0.046326973508743416 0.19175775121922534 -0.029444914309198586 0.04004772567252595 0.07738190138102756 0.04117926697937355 -0.04917287738949144 0.15545219075100913 -0.01726623295996562 -0.1123119535537778 0.3050807341556314 -0.21082664605559379 0.12696128343706273 0.034821641932020385 0.13570124278188742 -0.03450926942272835 0.0111490132259851 -0.20810649883188068 -0.11399059179644087 0.41385339060604504 0.05723825042069984 0.2725473685883744 0.08335283352800428 -0.05571833455096306 -0.05979275587669522 0.031973401326481125 -0.3345149645048681 0.016629328911535596 0.3418445636059221 0.12500125624606992 -0.07749505325368496 0.337444059234874 -0.11753450971047719 0.06083421735854579 -0.2383024058930997 0.05405609388425108 0.315178565889065 0.15972210464657946 -0.03271190760796325 0.13306684187179854 -0.28259659530345266 -0.10258298963844803 -0.036266534619036075 -0.3426717760074415 0.9112123260117239 0.5017430700102661 0.10599926176401764 -0.20068587491169879 -0.30350438617032915 0.019175535762769976 -0.4434696521583683 -0.4064869798695835 0.5970022042230005 0.7101164350212381 0.3876096662636641 0.019824953677578888 -0.09864332600197893 -0.19057526453381002 -0.2396964639213396 -0.2625674941853471 -0.13230336716832672 0.07180951731957397 0.14350178812456638 0.11342952324490668 -0.02280729582686199 -0.08044993522455278 -0.04134383816199711 0.02418241982837999 0.0644727520707142 0.07294375627871054 0.07655155217560966 0.059870433412979276 -0.0228784874335215 0.002975306609428108 -0.2689918952936864 -0.12463933465570415 0.03595542501369472 0.13779924058981663 -0.04751707101986538 -0.04470925450633435 -0.00034488261095348206 -0.050265236459287564 0.06748447147401154 -0.24786142206057366 -0.08745344794232543 -0.023261530035753715 -0.06794624933478108 0.20690732028100667 -0.11420654509250854 -0.10891587568326831 -0.03763285915573252 0.16907024797687037 -0.14600302399774212 -0.23091204709815197 0.04778335098911945 0.0437730622188894 -0.09642614459378904 0.02719583994676299 0.040911100859125256 0.09590951434858525 0.2584792855109662 -0.07247653101746719 -0.2679171244496642 -0.45986634266869053 -0.07500208647465012 -0.08563923860542916 -0.13191063906770922 0.45944784241402975 0.303780140247149 0.294580292195251 0.24569226647470907 -0.3541487411603126 -0.2984582540251003 -0.5106252979578307 -0.33893123224529365 0.10925160911432746 0.8985309739449325 0.4094313337930781 0.287888197779739 0.14708373490678875 -0.3332805447737128 -0.5861904123964637 -0.2124281215558963 -0.7967263092849416 -0.42752951662966365 0.279449613370567 0.2778562737111452 0.11525477232492078 0.06500637858868263 -0.08310476323290106 -0.25478575564168665 -0.32261464913138915 -0.31447493400897863 -0.20238526668594747 -0.06743493049319685 0.043722196848438234 -0.03255358055867409 -0.06526742074581604 -0.032326047596423844 0.01996804592585615 0.05715783887326219 0.07760748434623423 0.07290729141696244 0.0447942637805111 -0.01322104498543326 -0.02686940856128424 -0.2607691388993496 -0.19684840378102633 -0.14829371146262182 -0.14676279612763574 0.0340081436075697 0.025475217136094987 -0.09122016604861707 -0.07969457470283907 0.015183735868392913 -0.3839929740527174 -0.22233165403741856 -0.07827278497596618 -0.42618316908552517 -0.06052829940976172 0.1575702550047658 -0.19807301849750125 -0.10581072267250044 0.10790540331625247 -0.2702405224241662 -0.41103327183486815 -0.3808638734208615 -0.2764879234326653 -0.2752839007095889 -0.1773707961772445 -0.22867010049200998 -0.05764955877735684 0.2218760264720191 0.05935775016272619 -0.26611341556428514 -0.19848937940244013 -0.4433489499739005 -0.33695884442420876 -0.3393720780481899 -0.2789233419270831 0.013407883037227637 0.2996144242436065 0.1450400496845825 -0.4070916364086892 -0.3092181466009183 -0.3669063430302533 -0.3623627481988186 -0.5419850531815019 -0.1998438827882123 0.03908522996733688 0.3241690501302028 0.17300634344684945 -0.2886414179431837 -0.5900109555946728 -0.41947481072935194 -0.6709104577925012 -0.7316222306151069 -0.3989530599024148 -0.02320338895241065 0.14257197667675606 0.11702372998362215 -0.0673489403876409 -0.26806342966056257 -0.3694502515904331 -0.417902679220927 -0.3709604650497791 -0.24683563618570922 -0.03806375329910692 -0.008047400234347536 -0.0014941487164408427 0.05267887460035396 0.07787618896961968 0.04292132163049502 0.020025986573032402 0.015840641329274093 0.015285557519798518 -0.015267428495189698 0.09335513563955623 0.08777214781645482 0.08109691219558567 0.020135704039417775 -0.09531828407949477 -0.2673267454393416 -0.37560372767160144 -0.37502866270440555 -0.186540717870113 0.1760577472945035 0.13409107167450457 -0.09982458693544674 -0.2759190295498475 -0.048157430814418256 -0.35358087801856847 -0.6434529859354735 -0.6754054621764269 -0.3002385232309043 0.25028121554738014 0.16139882633227998 -0.3412740188819692 -0.16430945775434475 -0.3301082201040352 -0.4434183383905668 -0.4615486439200606 -0.8524783107404573 -0.38801742759137425 0.2901169424497502 0.17013827269127763 -0.47149781446013067 -0.43526572888894494 -0.37758152449168136 -0.5703625031952708 -0.432985383899182 -0.9836327605060963 -0.41567073933931 0.2877483989932834 0.16456871264844328 -0.30222283609691286 -0.6458405287418557 -0.64541888414973 -0.6017601803260113 -0.5922303708978713 -0.9415040931407707 -0.3796681199813256 0.2777761262145214 0.15178907950891085 -0.18971251420467414 -0.4955789551793945 -0.8051595707006363 -0.8961407636426411 -0.9204739631653457 -0.8982177361286557 -0.32659411182143316 0.11129578767633805 0.07401544510353704 -0.07128512228795379 -0.24878261950637723 -0.3800251661237452 -0.44725425632601384 -0.43518160899634833 -0.3369034691715085 -0.10000676337663912 0.023597981384863465 0.060110494903828394 0.07653201920612213 0.05871310783135029 0.009053974562365305 -0.03099394522995658 -0.04319864414836823 -0.03304036030797798 -0.016600382492679918 0.09848608903177779 0.1311293542637309 0.02893269366353971 -0.052767662602283806 -0.05375194089124275 -0.09478996049343731 -0.1973276016912441 -0.2689101860459506 -0.15781693364299865 0.12378308263309779 0.10228005201981819 -0.11898356053118209 -0.21745995148790176 -0.12638973971569548 -0.044046677234724996 -0.2037902614013189 -0.3873349704378761 -0.2419135659471702 0.13970428802082868 0.06074047654747006 -0.23252883391200052 -0.36578790751907964 -0.27839619597838694 0.0049316504217966975 -0.14887479890027813 -0.46493901248031305 -0.3243423459225145 0.13171932375258216 0.027229658270923836 -0.21382338171130932 -0.2954686505301371 -0.22868984856545535 0.05320829864634255 -0.1439987119758628 -0.5241852329562791 -0.36193715202345206 0.10583903291408545 0.010365054976698278 -0.16373747252061366 -0.20772267166666114 -0.18878937937783416 -0.05959452865471263 -0.2753630423313857 -0.5593863629929909 -0.34003264198101635 0.0829538823292866 -0.008704650057655021 -0.16798932740094702 -0.3043823849177892 -0.3720541598784263 -0.36206198346996105 -0.4774078089159195 -0.5719677854191283 -0.29561901831377435 0.022783154755741372 -0.015028548151471212 -0.06594400463392636 -0.13688986117891105 -0.21165218257166982 -0.2612807590616961 -0.2743882439959497 -0.23297879592012444 -0.09386527492142174 0.11032630454614979 0.30316805565359195 0.38241727937678344 0.4308685320188712 0.47067404488862796 0.4758608068326385 0.40212210477264493 0.2776931876183363 0.09322249441008494 0.2736893492153892 0.5468023761029033 0.5577702406859062 0.4599453544983991 0.34493104055520424 0.29591495090186737 0.27456268583767884 0.20937460502589622 0.0749661146694338 0.29214832638853333 0.44531666093758143 0.31170288514369476 0.11804881187216018 0.01883153150441828 -0.0053760552122945 0.0021496519103319555 -0.002777951562910399 -0.004418262119763483 0.34570896651493094 0.4232737435881707 0.05890892246912738 -0.20710766355928836 -0.18036535750565996 0.009834473279099202 -0.044061509379896766 -0.1684544246446155 -0.08960579303644044 0.3823770767201574 0.47492519139059713 0.07501099925911538 -0.18718784394751523 -0.2929633233148423 -0.3973873794874698 -0.30323875122427235 -0.3322418282688952 -0.1640064014288904 0.38145038057982306 0.6231580858596366 0.15720739405759626 -0.2858752591052 -0.3114886639159878 -0.4208225434311677 -0.45384196241550445 -0.42944140593178215 -0.1888550387137541 0.3621929694983294 0.8209548926418159 0.9117004786823312 0.8261838751217199 0.6039186206181356 0.20030484562832496 -0.03156576200950497 -0.13500475156385092 -0.14358713139445953 0.14531693002113855 0.4645687298243055 0.6818938694602786 0.8174921429814873 0.8167617449212942 0.6457988624207774 0.41238956751885886 0.1955117077388633 -0.010854977230497881 0.12752439056920192 0.29822958632923563 0.31763934990316467 0.33459148823035884 0.44120037081634955 0.6039280998686366 0.45146615341341617 0.23319370560436345 0.08711173353206884 0.2729875281690645 0.3920094033423328 0.4512750741507298 0.2531361506733158 0.03503963908560855 -0.023422276433909622 -0.005709061694545306 0.03161251748784785 0.06708943633003775 0.2795484141031451 0.15608542894835448 0.08765390974017144 -0.03248613728325626 0.14149645010935635 0.04599017732614987 0.03239683299179198 -0.04636775352139182 0.023296134568521934 0.34763182586315583 0.29725811687322684 0.178117821103833 0.25354935475785834 -0.030889944496016477 -0.12364224000689293 -0.09708547064305859 -0.07225183021128412 -0.02527394540436747 0.41733126520902025 0.32391051423204176 0.15697020539651024 0.2944248107942207 0.5123517047721549 0.11223620738286656 0.17216998452567092 -0.020880418912243164 -0.09762408869037247 0.46794851669059406 0.8611636712009471 0.12354617535345389 -0.6526215790887274 -0.6943615566355016 0.12602331133432468 -0.11564801776208755 -0.24376539327509913 -0.10924842820806699 0.45885528732291514 1.2020613258191715 1.6501703987205616 1.9821175118048773 2.0670660808058194 0.7032169924050499 0.4372968679145831 0.4169978269659588 0.019878809316058284 0.17811464403346483 0.643282895732511 0.933335776811865 1.231338979635886 1.5405466487455113 1.5668801130254173 1.2258643972762633 0.6801008646838381 0.10353659837787346 0.07398853347612921 0.13479779030305497 0.164747626655593 0.1787247344446399 0.21606184491217498 0.33176258786056906 0.2497777449482569 0.10387861478250887 0.04589189940388791 0.1040317243156557 0.06865015281468916 0.1315953182547706 -0.019339701304713817 0.09586213489391307 -0.1147581697390029 -0.18531908298594216 -0.005316679769265692 0.026783432400293843 0.08048689071494511 -0.12389612889555321 0.0764369580592374 0.162634231139873 -0.13775627739112165 0.14914539732074572 0.0330786500676787 0.02864738640396599 0.02040493426440631 0.09389567635282749 0.10514456299657086 0.2156738171913258 -0.022696980496041554 0.2815923626441768 -0.012787610832728115 -0.10461349135842768 0.024312564705778805 0.005654739135606014 0.1324292312860078 -0.24238965531055442 -0.3314208211309989 -0.23359939610908415 -0.5929307022018856 0.2276417116120979 0.07216477622176212 -0.13487873989670915 -0.04155844868662755 0.1938178854083685 0.2836915799654342 0.914440819739324 1.5696746669708488 0.5783562900258333 -0.8854331638057416 -0.4915526766857828 0.3022373807718976 0.02405599232446954 0.24890073226630102 0.6644330719792562 0.47037550625183183 -0.03558560133499292 1.2457396774196037 2.1615585222119194 1.663602796408947 0.9239148503441585 0.15500406317551263 0.1129415807267921 0.3648603248477028 0.28536390488370755 0.30457794233905344 0.6245205273388208 1.2684733317374788 1.2432179086544253 0.6734317822850664 0.14106177438117998 0.029729734835146994 0.0225062923619169 0.008416236440476874 -0.020908406743331096 -0.038363633901735965 0.019663248851950824 0.03157833530647924 0.005233130264357316 0.011229274672278793 -0.03084279262745547 -0.134052035940704 -0.18061278889263585 -0.3374112190561892 -0.16591098924162118 0.39127951372353054 0.1465297293164688 -0.049429439780484315 0.0020709532842823125 -0.08010775242354863 -0.18058094230753327 -0.4164939951972849 -0.22501494980059208 -0.08369833812773429 -0.4152880127856605 0.042815529541215105 0.02916825910077424 0.025911095967879383 -0.09497286233808062 -0.18721803696778186 -0.49631891426807284 -0.3642690975916369 -0.1786987273142365 -0.048913647307690024 0.08896077745562851 0.12241695885787028 0.052256829589522207 -0.06450760561927296 -0.09597456732622421 0.6363899123506629 0.8266298499032413 -0.03243210852929182 -0.4965005585985149 -0.1647270498707247 0.383414050568515 0.07170831988112966 -0.006897319448602957 0.10282830105588978 0.32330335233188856 0.01437936950829458 1.1185825984440625 1.1807132358798633 0.5712582158241503 0.7225442191636987 0.11525335138931816 0.055740831380773924 0.18670950762794802 0.042696531195574594 0.45830958787255116 -0.26415681941415886 0.7970203312775261 1.372576381366715 0.8189244579911679 0.1957471661004628 0.033034604970250445 0.07946267094634533 -0.05343160376785808 -0.04207929894001365 0.030822213382912078 0.48832052280962 0.6963675018000495 0.45445056300441466 0.12574220514130302 0.011974334046838285 0.03247622080258069 0.03349837642331194 0.02244688835401147 0.010629758672270015 0.019623301019405157 0.020650402990415897 0.0115122873247452 -0.0009730264374751544 -0.053847705841658905 -0.08865278946556653 -0.09770863474475472 -0.11710779279036683 0.0697251297371752 -0.04324497843285891 -0.008307321945211835 0.0528531120738336 0.029276958017864174 -0.09459675442831797 -0.13931262053224913 0.3040459004312939 0.237610988950559 0.4583792943398764 0.3213291709742465 -0.056478278669098984 0.15608732799962433 0.07716558826532724 -0.11190369886533537 -0.0825658475781113 0.34154431851037836 0.34873121244533867 0.24853909305780397 0.4878000013657819 0.46853280760680766 0.24173178376342183 0.10388635551839177 -0.10535914304156621 -0.02553398504905444 0.047095969371533604 -0.007386919577959823 0.4039095643933956 0.45256603379166543 0.5303019887121396 0.292908560273724 0.11379691820389876 -0.08536254193798573 -0.07094936945019979 -0.0790408135561554 0.2617324459069536 -0.10884622127606218 0.39641248621059855 0.45862690311549625 0.30058285265709483 0.11131724031404389 -0.06077593535043398 -0.09737457994629711 0.0015256277859603206 0.5609184814158951 0.4090853883409789 0.04694627075485702 0.4003713431187119 0.3004642822894484 0.11233654486391835 -0.030322873361667613 -0.11691897277232169 -0.16300045387524068 -0.18818232815686256 -0.20484650948173494 -0.07345793385171143 0.07921820703843872 0.12261796797820014 0.05454008775599761 0.018574221480871688 0.1433666163478753 0.2889637101549904 0.43806896840496984 0.5144814818005828 0.4345862791332647 0.27129412325055996 0.11412396255544846 0.006545692152941938 0.024906189960900382 0.22555329828124876 0.366683094409376 0.475331984656867 0.5949864713533172 0.782237966972444 0.6717757384736568 0.3978451231736565 0.1036514819793412 0.02512769594229286 0.15820901147980235 0.05011521869100757 -0.1691692211284033 -0.2641384437576979 0.29562944794435436 0.63599415706841 0.5033845575700167 0.17970612451926096 -0.008159020020308945 0.047985330420480865 -0.3004148866968562 -0.22601202816665475 0.226730425559224 -0.07479051567793861 0.18777606982229406 0.37025531905266884 0.16703033925657176 -0.05576288920997089 -0.09348040596927627 -0.13774098164866452 0.10348334967161373 -0.18327920435615686 -0.06072619634748828 0.10906050986820884 0.08045813495204436 0.08925104734497978 -0.09030909824633726 -0.207223662514856 -0.1744978686388067 -0.1737301926116118 0.1262798725948449 0.11913266368254825 -0.07154081811167466 -0.14201944106402645 0.006327841460570155 -0.0968453470805319 -0.23646250385783807 -0.17113064325425234 -0.25003600793962577 -0.04222358807552728 -0.19478052353531805 -0.25357746367014594 -0.17764498067470422 -0.028402487177788486 -0.05758369346338049 -0.1877755289320564 -0.21808925478970975 -0.23417240833770706 -0.25988835718161524 -0.2696612936038285 -0.2143999926176085 -0.11833187229652395 -0.023226089652543823 0.01757544311240294 0.10159271682023892 0.1783025463800966 0.2545275222534888 0.30124161691790047 0.27891623339735067 0.20289538185211883 0.11118803684775432 0.021788873501538037 0.04441492280510377 0.05368389860898641 -0.07422440424159375 -0.17469846698330002 -0.14516028001219627 -0.01118351875010487 0.14649769161353146 0.21409679342287183 0.11160076092159003 0.046954960675781324 -0.08362902307479213 -0.4101272530113405 -0.49119202610643664 -0.4178828411959592 -0.42848734931464716 -0.14066202068475545 0.15382789003424033 0.14742929505010388 0.024144990490984945 -0.17508668071629085 -0.4966361851446102 -0.3989211356304662 -0.23530750102365616 -0.2600914544803555 -0.1601364770238329 0.07002998811809524 0.1349083302130715 -0.01465766819659671 -0.21931120942174095 -0.4476657430781277 -0.4241338854665561 -0.25588193564398826 -0.009659341432808702 -0.06555286652607115 -0.041427417561215575 0.07402660332600412 -0.04873439039822211 -0.2309391839252534 -0.34104237245528496 -0.3462959106799076 -0.11255669316994396 -0.003108099719081865 -0.1772118331491139 -0.16035648584000226 -0.00143977189954873 -0.06691224188730376 -0.2609257436696943 -0.34138170995115963 -0.3606809358085545 -0.3243587366946192 -0.3944697716017458 -0.4016774170388559 -0.2811320732571826 -0.05950786802700987 -0.042589325640261834 -0.16547413522650603 -0.2354634988102043 -0.28691861005295266 -0.3227865212761978 -0.341620245633644 -0.3048167278054997 -0.21424310487760542 -0.06000539201136974 -0.008871620518207767 -0.00871090303921103 -0.0025124278858774936 -0.004968043570507126 -0.029762580552477543 -0.08270502373858997 -0.11618330189917063 -0.11078244673861154 -0.0449680433112791 0.0076445975287316136 -0.004579304639211938 -0.005557584474508293 -0.00021067142568898913 -0.006484363349901948 -0.10733176109164809 -0.18922757643908944 -0.2377852085602535 -0.11402640723474895 0.03570645207643139 0.022193571057391105 0.058002820236924844 0.042658971456258035 -0.0771830009525 -0.22814272758677212 -0.19808434855561585 -0.22844672270184593 -0.12523486609888956 0.12381240884514975 0.19928924328756029 0.3127545335624044 0.2492002289084833 0.049995158029504314 -0.24351475204901316 -0.2736639194914312 -0.2682676797701871 -0.1524317861214908 0.2452259969452534 0.459844207200562 0.4051108286935762 0.30783238287522874 0.16070837484752226 0.06265223384663858 -0.1395572757615287 -0.25918995666686945 -0.16704250076693597 0.3081750859012924 0.6639008825800661 0.5893141893157405 0.5126851621051854 0.27321563651724345 0.005261255315232466 -0.14174642202591142 -0.2539768249631672 -0.1585907159113669 0.243911221481104 0.32716654290432756 0.013287992684114808 -0.3629192011816055 -0.5384048107524274 -0.505032482893834 -0.4296869785735539 -0.3544938664449775 -0.1409356130582606 0.0525916022875813 -0.05258153285791214 -0.2582266831549298 -0.47624037835127964 -0.579141392467579 -0.4888536579549032 -0.3402118677126713 -0.20377001348104024 -0.052592850791576384 0.018312621979651608 0.08858867389193818 0.12836851649862752 0.14894352561573565 0.11718294344672296 -0.03948393304285871 -0.1319490552612953 -0.14018280860324275 -0.06164297017390085 0.04467024563070171 0.11346553730149511 0.18140914495655222 0.12466718536950103 0.08478600065656204 0.13709440921708554 -0.009851831374189872 -0.27205255887074375 -0.13786868465340985 0.042324040730549434 0.17231653121435606 0.5683032186302863 0.3163294109674428 0.06537878211523113 0.040451232290685535 -0.0384460921334977 -0.2454079378950371 -0.1438613584696707 0.13788313297452912 0.11722905933610292 0.15216336785860207 -0.023418920655637613 0.4155145190374403 0.35910635218032655 -0.04415364865524993 -0.2642766931930964 -0.1940641519430317 0.35051201508963575 0.44999988585990336 -0.16310795327501368 0.028766790018904653 -0.5703336090348551 -0.267640498052762 0.08921149262160911 -0.1644743754085479 -0.23950242744000916 0.46430040967762526 1.2454590832628067 0.609480653041888 0.6719924991060541 0.8961590457556478 -0.14537952935864154 -0.1959497434912783 -0.22724974915502968 -0.22269845973779695 0.27070608830646664 0.19658345466798832 -0.6713490824765191 -1.6544430383238833 -1.8768788954292164 -1.035783955548501 -0.4062334459382678 -0.3867432258320641 -0.12641853008555629 -0.007691273353973422 -0.3341413758517448 -0.739124012671269 -1.170160450076842 -1.4213935282001489 -1.1066402308794765 -0.6226617533818578 -0.269654795025252 -0.02518360036121568 0.03156965378472063 0.10613689141734661 0.08915368815532462 0.05733922516393158 0.03377283014675318 -0.05011608481329245 -0.09928570355035696 -0.08178903412399728 -0.040764861846968176 0.07364230975682023 0.17076601108468956 0.28987664672105806 0.3326210310797864 0.15402373496012803 0.12135413916829395 0.04703910980341161 -0.19973386980839322 -0.07533879419954097 0.0671158745076387 0.21110643239032081 0.08013649091770991 -0.059828569300902766 0.17476075499362467 -0.14137837188570074 -0.06750492005922436 -0.21354215547282446 -0.07545037089801554 0.1257111795054748 0.21488380412230304 0.1504483127400033 0.10998665036011498 -0.31799982006764116 -0.2760280672336596 -0.03624385091071244 -0.13871445090403242 -0.10644005018012022 0.19501205749059705 0.5070703205007733 0.667386166404115 0.6867762955376056 0.6521604994772051 -0.16555965067575598 -0.3632954883736342 -0.46274144276195495 -0.17723080275395553 0.18018529579076056 0.039145931320694376 -1.6154059260153804 -2.031289650017402 -0.5187963148274666 0.595036975081696 0.08311897691321234 -0.4528458153300263 -0.17365789648183796 0.05027164375477964 -0.3937439399103238 -0.8168083390822569 -0.703929324358779 -1.7958273037540857 -1.7263847060877062 -0.5196014949600489 -0.31603775825770036 -0.06242955183104085 -0.06592964120531744 -0.3886710156115005 -0.5776409359122281 -0.7796014922124809 -1.122050973060052 -1.1308762714126355 -0.7007235229540173 -0.2635408306199679 -0.002596904371874437 0.025946160789817086 0.07079603978460798 0.06603696943247957 0.06480311384544474 0.06968049689175154 0.004498233770971955 -0.03872330121001769 -0.04094298902329522 -0.02549071349853444 0.06895436669436247 0.09642255256618991 0.05579411322827375 0.14284630324402153 0.07560689607879954 -0.3075384474257592 -0.22182050997287184 -0.13045557188173093 -0.032379574138971724 0.07188365529882186 0.019129491703873867 0.10269028074332565 0.39043217610713166 0.028830344161855558 0.49253323594276377 -0.08743723732890334 -0.17558316523012582 -0.021957688749102918 0.06596092127378826 0.11180950658935675 0.7390154801027486 0.7409942857478136 0.6775904199536705 0.33366933031991697 -0.08342905771456288 -0.17943192633499064 -0.03056203073180896 0.017371949825064584 -0.15397134513170516 -1.3804125486921086 -2.177469524281079 -0.26282896908341635 0.5589514345751411 0.37656148572030373 -0.1903407210190468 -0.06442974836618517 -0.060484885307279905 -0.6776215019040062 -0.841177350876567 -0.7875349715624742 -1.8628125363247996 -1.657306811425179 -0.2778262415881053 -0.17300384053467713 -0.06438213906462983 -0.12477049673447121 -0.6809539687444561 -0.5184997711140176 -0.11094123017887078 0.020707059093598327 -1.5532069924674572 -1.3173996800919388 -0.36667226572835354 -0.015379391121027595 -0.10383816649114255 -0.37546643833757654 -0.4050504374593924 -0.4591145946157956 -0.6634762537597805 -0.800949631134904 -0.5794570156856859 -0.2232776324915962 0.0025230132948121085 0.00019342168599824979 -0.026572078322855738 -0.03715750687822648 -0.02734234249790756 -0.007168689826954339 -0.01686147621395678 -0.04293131318967699 -0.057194083312744684 -0.022810310352191575 -0.0029636576507297624 -0.16808867583396456 -0.4510924523592601 -0.7473432334441849 -0.822905800186466 -0.29887058200743416 -0.17454912241569087 -0.22534960156256925 -0.055324124170646846 -0.0038399530832839974 -0.24654554167598247 -0.9125775047633109 -1.691483127358715 -2.1836233885613443 -1.1485421357092926 -0.34896627425868965 -0.31042827196844314 -0.05764578255282232 -0.06017536759100911 -0.5855110377785613 -1.8697502356366544 -1.8807915166503493 -1.3628622069183025 -2.053971578757978 -1.5047060691884686 -0.48797088994833326 -0.06402011247031143 -0.1276621907391066 -0.8525886160963922 -1.2683530229734399 -0.754136805633668 -1.530145017090024 -1.4875632107204726 -2.1700645933559732 -0.6251873171036835 -0.061539781758759966 -0.16714548905786694 -0.7510406471436272 -0.5925729281252373 -1.1196409638451905 -0.819454105573502 -1.2141619169731594 -1.9683544864296376 -0.5051874594014618 -0.05018978862188588 -0.1791497855241765 -0.6171097495115369 -0.5982067732561596 -1.244863183234848 -0.7390663961509883 -0.9029396120850928 -1.1514330487270075 -0.4513670466030395 -0.04352398057927739 -0.09461069094356678 -0.26648534657816486 -0.24801542334432025 -0.24485259978011478 -0.3197717429250188 -0.3992941873737928 -0.3318232515252373 -0.16100319235537597 -0.012079403791208452 -0.02849488349749447 -0.1382575766228323 -0.24398014589144335 -0.3352317068468287 -0.3616907102675898 -0.26655854394572237 -0.18222252089644184 -0.12756817681138194 -0.03086055819175634 -0.11973627474305937 -0.5928154659698374 -0.9583920436070684 -1.2425282962414554 -1.2969768184185742 -1.1752862320493223 -0.9200478466090326 -0.5869698621138337 -0.13946691049475343 -0.15736613472224592 -0.7905126934400322 -1.1359719022934633 -1.3295165018082928 -1.1177376144785076 -1.5478199087058664 -1.36933847761378 -0.7881052446308402 -0.18656262255888112 -0.1964477675149418 -0.9612740733546643 -1.0911239889420212 -0.7561519476222801 -1.0844377967439331 -1.2956296922225283 -1.2501057546962229 -0.8913218116926839 -0.21764302912815012 -0.1974092720160386 -0.8918884961527513 -1.0816711147843725 -1.145328503222304 -1.545413997281003 -0.9076049645347871 -0.9414228490168267 -0.8860264254208381 -0.21859502127328334 -0.16334023724693625 -0.6361363051942701 -0.889192532339644 -0.9438883354599292 -0.9298910524287674 -1.18058763882482 -0.9527871740855816 -0.7230714438330975 -0.1890835027048464 -0.13658607475588042 -0.44722821774493965 -0.6396429154106469 -1.0413359809232638 -1.3237565482824734 -0.9914535596006085 -0.6894264920236157 -0.5297776555414327 -0.1440058571967315 -0.05560981826241964 -0.13636739386937796 -0.18255407537808482 -0.211185357835878 -0.2200916706147014 -0.21373019921293518 -0.17763957899816624 -0.11710366480967385 -0.031573229230242555 -0.04898310669472503 -0.18419787027530551 -0.2796421786895941 -0.3543603169930217 -0.38233942823471107 -0.32279749504848504 -0.23778729024568834 -0.1516277826487196 -0.03341771874617828 -0.15007876016251065 -0.5376942457330123 -0.7305383695067297 -0.8494681741007432 -0.9018246973063143 -0.9073301123162046 -0.8026257697981098 -0.5718353263508837 -0.1660716788160328 -0.1683217306314006 -0.5916315089276463 -0.7583520339346892 -1.0311075530566254 -1.0677475258618057 -0.9794774294934492 -0.9080907219195933 -0.6827578641397315 -0.2189335940259996 -0.16860828003855002 -0.603459619526655 -0.8549547468037167 -1.616828107017638 -1.902827646606004 -1.3458539245790027 -0.8835419900237756 -0.6953465797729658 -0.24840036460397885 -0.13131670772716678 -0.4784026264197962 -0.7152727459376559 -1.2766663833515777 -1.7390331453004855 -1.2966185979388833 -0.7370717669894102 -0.618517618192482 -0.23793091701070926 -0.07377256571469204 -0.26689958243751116 -0.4271071353136825 -0.5081701468252261 -0.7328314365502683 -0.6895982308480652 -0.47928955234743637 -0.4856607437802694 -0.19634160571936687 -0.026252721678594947 -0.08459047697472588 -0.20183896737613818 -0.32209791836612967 -0.39857838328225936 -0.276397953482959 -0.25698614493121497 -0.3288207057229557 -0.15136059746492522 0.012043466179228064 0.05613636642212765 0.06058311099185161 0.06344860074963163 0.0718923929339129 0.05168644766785711 0.0018737356690593035 -0.042080499890684846 -0.034530310457574015)
(UseCyclicTransform "false")
(UseDirectionCosines "true")

// ResampleInterpolator specific
(FinalBSplineInterpolationOrder 3)
(ResampleInterpolator "FinalBSplineInterpolator")

// Resampler specific
(CompressResultImage "false")
(DefaultPixelValue 0)
(Resampler "DefaultResampler")
(ResultImageFormat "nii")
(ResultImagePixelType "float")
